eval_loss = 1.4158910512924194
eval_accuracy = 0.46153846153846156
eval_f1 = 0.10666666666666667
eval_precision = 0.08163265306122448
eval_recall = 0.15384615384615385
epoch = 5.0
