eval_loss = 0.7020137310028076
eval_accuracy = 0.6353790613718412
epoch = 3.0
